LLR                 
12.034777           
10.279129           
10.933420           
10.403914           
11.163950           
10.132712           
10.119550           
12.537092           
10.003426           
11.881847           
9.531364            
10.777973           
10.097635           
14.227866           
12.730341           
10.507000           
10.718440           
11.869298           
10.036733           
9.270868            
14.793778           
11.608916           
9.753271            
15.716035           
11.463923           
11.704179           
9.637136            
11.980119           
11.030253           
14.278389           
11.588807           
10.227094           
9.615058            
9.960180            
9.043942            
14.711119           
11.337924           
9.909265            
12.436191           
11.918478           
10.271880           
11.609269           
8.562157            
11.169864           
10.197954           
9.990555            
10.676379           
10.056331           
11.571649           
10.797617           
11.978313           
12.487812           
9.814826            
8.908627            
10.467749           
14.341148           
14.717686           
12.380366           
11.174398           
9.569390            
12.244568           
12.630423           
13.910537           
10.698592           
10.086036           
13.606286           
10.576181           
10.412839           
14.404860           
9.855202            
12.151359           
13.200098           
8.161830            
13.578970           
12.294058           
9.984565            
10.228876           
10.372016           
9.629978            
9.598461            
16.890737           
10.362959           
12.555059           
9.836522            
12.379906           
12.701874           
12.846256           
12.029060           
14.018657           
11.071002           
11.976031           
9.294375            
11.819766           
9.990191            
8.901131            
12.264572           
11.995538           
15.555804           
10.305396           
11.213077           
11.703095           
13.341761           
10.775752           
11.149921           
14.765729           
9.751178            
11.108370           
11.672508           
11.648695           
10.110314           
11.301211           
8.596678            
19.443660           
8.777765            
11.250791           
9.925529            
10.674838           
14.217037           
11.240830           
10.145672           
11.055524           
9.717858            
9.014133            
9.387821            
10.773006           
11.724353           
8.919228            
12.199882           
9.392346            
10.257581           
9.236755            
13.652182           
11.887556           
10.321340           
9.073678            
12.598873           
10.193191           
9.196217            
11.893983           
10.940885           
10.837638           
11.459102           
9.163582            
13.290712           
11.011169           
8.941603            
12.466003           
12.388319           
11.964072           
10.307439           
11.154575           
12.401003           
10.640995           
9.839749            
8.965609            
10.700159           
9.524911            
14.126662           
9.914163            
9.959110            
12.733175           
10.363663           
9.051463            
8.634327            
9.578107            
10.692051           
15.203947           
11.472798           
8.883777            
11.755474           
12.780203           
14.250400           
10.714701           
14.768807           
9.963817            
10.575773           
10.226193           
10.001584           
11.276096           
10.608799           
8.873154            
10.857870           
11.911184           
11.136827           
9.716260            
9.469226            
11.848170           
12.025399           
14.312244           
12.483085           
12.197703           
11.184240           
10.264555           
10.848833           
10.081133           
10.539852           
9.345188            
8.686891            
9.995373            
13.951738           
10.271487           
10.778038           
11.085030           
12.705453           
12.685714           
10.147348           
10.527658           
14.247288           
10.847907           
11.598567           
10.077580           
10.132618           
12.735012           
12.835423           
9.270209            
10.282827           
12.704528           
12.698854           
10.918831           
11.436997           
11.973772           
12.773203           
12.013931           
15.078866           
11.662843           
9.920715            
11.526534           
13.859639           
12.198657           
10.210932           
9.726498            
12.766602           
11.780897           
11.902324           
9.285721            
12.653361           
12.765866           
12.026666           
10.158968           
10.583783           
12.434121           
11.837818           
13.861680           
11.654119           
13.587160           
11.404216           
10.455937           
11.731887           
9.463624            
13.046707           
18.823725           
9.787372            
11.762043           
9.566151            
16.755281           
10.330168           
12.551871           
15.748034           
12.000964           
9.261861            
11.434494           
9.357169            
11.053627           
9.899959            
9.837291            
8.663382            
10.489644           
9.867019            
15.390064           
10.270090           
10.925621           
9.848715            
11.331526           
10.696542           
10.676292           
8.940454            
11.861640           
11.872612           
13.818268           
9.480796            
10.457374           
13.709699           
10.022630           
10.996117           
10.088296           
10.738701           
11.631114           
10.035228           
9.108040            
13.871523           
14.400379           
9.463608            
11.395298           
12.922171           
12.768615           
10.461494           
14.012997           
10.812089           
13.017356           
9.904300            
9.701274            
10.235532           
11.287452           
10.045291           
13.588229           
9.495881            
10.006349           
10.920607           
10.351694           
9.898892            
12.248918           
12.816485           
10.376897           
9.773925            
10.584423           
11.673647           
14.194310           
12.882861           
10.045948           
13.699827           
10.926007           
9.964163            
10.710388           
8.492404            
9.362024            
10.262507           
10.280833           
10.801494           
13.150698           
12.611241           
11.301500           
13.260913           
11.294181           
10.804628           
10.699408           
12.029940           
12.875895           
12.698454           
11.302141           
11.908772           
10.844882           
11.798243           
11.423252           
10.294888           
11.086347           
11.236969           
10.091765           
11.957743           
12.599973           
9.056988            
11.864715           
12.020751           
9.289656            
11.606111           
12.096060           
10.886008           
11.767666           
10.840625           
10.981930           
13.383483           
11.194351           
12.059052           
11.332170           
10.497160           
12.668374           
13.580878           
10.024170           
10.801568           
10.313155           
11.121158           
12.004652           
11.341588           
9.215454            
12.756702           
9.352004            
10.491772           
11.271526           
17.069024           
10.868017           
10.779348           
11.094593           
11.746495           
10.745713           
10.202001           
10.415153           
11.878914           
10.981296           
10.276722           
10.669238           
11.140801           
11.729064           
11.805349           
13.654297           
9.472983            
10.110194           
10.901170           
10.805772           
10.216508           
9.739987            
11.304513           
10.517329           
11.275028           
9.408267            
9.306975            
7.959159            
14.402898           
11.069783           
10.064040           
9.686383            
10.856587           
19.619805           
9.542763            
11.117419           
9.688576            
9.519192            
12.519260           
13.115343           
12.161895           
14.794923           
13.846627           
15.814545           
14.876618           
13.188232           
11.473601           
9.106425            
9.075873            
11.513178           
10.225390           
12.750792           
10.077223           
13.487926           
12.860435           
10.282336           
12.527686           
10.256300           
8.420168            
9.742677            
11.052506           
12.687316           
9.614786            
9.948281            
16.924898           
10.878172           
9.465041            
12.807733           
10.941397           
11.298946           
10.798723           
11.411075           
11.490471           
11.038892           
10.629610           
11.078150           
11.986998           
12.435077           
11.914916           
9.796665            
10.238252           
10.630248           
11.461547           
10.350600           
10.409593           
12.973105           
10.883312           
11.062535           
10.143772           
9.659445            
10.396720           
11.142645           
9.721785            
11.205572           
12.470744           
10.168810           
9.648239            
9.485992            
9.497781            
9.890595            
10.893437           
10.947045           
11.502665           
10.287873           
12.167272           
13.184234           
10.482748           
14.202553           
13.628028           
18.539799           
11.291490           
11.286354           
11.024234           
13.845663           
10.735703           
12.379081           
10.508445           
10.167418           
13.621505           
10.409239           
12.487908           
10.634549           
9.007895            
11.887967           
10.553289           
12.263200           
11.822521           
10.381308           
11.285281           
11.290779           
9.951158            
12.789332           
10.254436           
11.151630           
11.938302           
9.446749            
12.072351           
9.270262            
11.651966           
10.041637           
11.007581           
11.915428           
10.330876           
15.891583           
9.727968            
12.273924           
9.300692            
11.855487           
10.020113           
11.919549           
12.295406           
10.886875           
11.336955           
10.808813           
11.403845           
10.249746           
11.030012           
8.950850            
11.158184           
8.980343            
11.046233           
11.963273           
11.774254           
10.105818           
13.133377           
11.154118           
13.307448           
10.746742           
10.401981           
12.973218           
9.784945            
11.408776           
9.553761            
10.179380           
10.055946           
10.042670           
11.540516           
9.576591            
9.132079            
9.379739            
9.422600            
11.184436           
10.055038           
12.147983           
11.898127           
12.813720           
10.067511           
10.685299           
12.006753           
11.350871           
9.398747            
10.293444           
9.966303            
13.155289           
13.138009           
10.080049           
9.857082            
11.755409           
12.202906           
12.872706           
10.164650           
10.297092           
12.044674           
10.287746           
12.035260           
11.335496           
10.073739           
14.402795           
15.328359           
10.781133           
11.268188           
14.157915           
13.291467           
9.156180            
10.166840           
10.948373           
11.440429           
9.694209            
10.754357           
11.930161           
11.156028           
10.864994           
9.243194            
12.175232           
11.163693           
11.670882           
10.944040           
12.871464           
11.239982           
10.070355           
11.830138           
10.549066           
14.385421           
12.826881           
11.291028           
9.365074            
13.199447           
12.069895           
10.166686           
9.674140            
11.813209           
10.955213           
10.448446           
12.349353           
9.722570            
11.529844           
11.325646           
10.607819           
11.868638           
10.285888           
10.727151           
13.958110           
11.853384           
10.456345           
10.141249           
10.803057           
12.241041           
11.880069           
11.605079           
13.675582           
11.910623           
11.207029           
9.355011            
11.177121           
11.088462           
9.868130            
11.412478           
10.532562           
10.216665           
9.458740            
10.115960           
13.280720           
10.761275           
10.061882           
10.353487           
11.150471           
11.116907           
10.320082           
10.337812           
11.359467           
13.000689           
13.570124           
10.781943           
12.741387           
12.453181           
9.645646            
11.773698           
10.438091           
11.683207           
9.868579            
10.442481           
11.367925           
12.215397           
11.454811           
10.559976           
12.647997           
11.736447           
10.301270           
9.239035            
10.740117           
10.490624           
12.265186           
15.374632           
10.687941           
12.718669           
9.500442            
10.299940           
10.552564           
9.030467            
10.155013           
11.381709           
11.309019           
10.686570           
10.804802           
10.574664           
16.149327           
9.691195            
10.030601           
11.121490           
11.910594           
11.436917           
10.508979           
9.769570            
10.062416           
12.304678           
9.989605            
10.280943           
11.750520           
9.901853            
11.928342           
11.606554           
12.456585           
10.458600           
10.229826           
10.298015           
10.061124           
8.641805            
10.367538           
11.364816           
10.390360           
10.239862           
10.663751           
13.807072           
12.052960           
11.034552           
11.741395           
10.836348           
16.168447           
10.093101           
11.132142           
11.623845           
17.601907           
10.224799           
17.604783           
10.376924           
11.961706           
10.902949           
10.641903           
12.383641           
9.787373            
13.385673           
9.868560            
10.818168           
11.698844           
10.368357           
10.945664           
9.880072            
11.104241           
12.298892           
13.545379           
12.517841           
10.640744           
11.745475           
10.608466           
10.287447           
11.280365           
9.707829            
11.429954           
10.152948           
10.946428           
10.863991           
13.755116           
10.236615           
10.204716           
9.440718            
16.119615           
11.494523           
14.379915           
11.341251           
9.912172            
11.918148           
10.807943           
11.430326           
9.484715            
9.985845            
9.576274            
9.617062            
10.390571           
10.305967           
10.732705           
11.479701           
10.405556           
9.569386            
11.013755           
11.032201           
10.212546           
10.691394           
13.382227           
9.333071            
11.006102           
10.880971           
12.945565           
9.957517            
12.979443           
10.187220           
9.209059            
10.091291           
10.841249           
11.614057           
11.944009           
9.270408            
10.233948           
14.273752           
9.749109            
11.575730           
12.529458           
12.645804           
9.077312            
13.999019           
10.579528           
10.791946           
10.673524           
10.447251           
9.741759            
11.596742           
9.526935            
9.923039            
9.655964            
14.698585           
10.545325           
10.304166           
12.580859           
11.663002           
11.750535           
11.302920           
8.915908            
13.723495           
10.310511           
10.008591           
14.788052           
11.110174           
10.386559           
14.878420           
9.999851            
11.198784           
9.596748            
9.700472            
11.655745           
10.947444           
8.814603            
10.965301           
11.703558           
10.117181           
11.101379           
8.580695            
10.204992           
10.682621           
13.620336           
10.625377           
11.948727           
9.496193            
10.191895           
10.595098           
10.926431           
11.376206           
9.746548            
12.763217           
13.538192           
11.687147           
10.888409           
11.114769           
12.989546           
12.140153           
15.070198           
10.516147           
9.956529            
13.618129           
10.877250           
10.538604           
11.006360           
13.532732           
10.034753           
11.105223           
9.624164            
12.472222           
8.771506            
13.988797           
11.144903           
12.285656           
10.229087           
9.412252            
11.426187           
12.601251           
11.291830           
14.535981           
9.629548            
12.644993           
10.072661           
12.800077           
10.820425           
11.654426           
9.314145            
13.284623           
9.847674            
10.247206           
8.993387            
10.546056           
10.325408           
11.942464           
10.938224           
11.581010           
11.079111           
11.659478           
10.648277           
9.662833            
10.105742           
8.239147            
14.065059           
9.712057            
11.603653           
10.610961           
10.115802           
12.272218           
14.642171           
13.924435           
9.169055            
9.417237            
11.151577           
12.454086           
10.177405           
11.068963           
9.214269            
12.487790           
14.795136           
11.289597           
10.565430           
11.112934           
8.533810            
13.976146           
12.301223           
11.573756           
12.396472           
9.998574            
10.817984           
12.704535           
14.288302           
12.646633           
12.170923           
11.348330           
12.395879           
10.551118           
11.734240           
11.775400           
15.636910           
11.520807           
11.844859           
13.130307           
10.933670           
11.481691           
12.090017           
8.922225            
11.021328           
15.421046           
10.075784           
9.361585            
12.972263           
9.380825            
9.997688            
10.040089           
11.107759           
13.324238           
11.394827           
12.272330           
9.327619            
12.524166           
13.034852           
12.933865           
10.192223           
11.094244           
12.434057           
11.051222           
9.962660            
10.792054           
9.912489            
11.210070           
10.602355           
11.907436           
10.504426           
12.233833           
10.875882           
14.010647           
11.248929           
10.150614           
10.883361           
13.353232           
10.076234           
9.999766            
10.510324           
10.106992           
11.219183           
9.976381            
8.904314            
9.873499            
12.745390           
10.956045           
10.716972           
9.848541            
12.186477           
9.589865            
8.977355            
10.190439           
9.962368            
